100 runs, 98 confidence interval:

[14.01600000000001, 14.20800000000001, 27.119999999998786, 15.104000000000012, 13.61600000000001, 14.20800000000001, 14.20800000000001, 14.352000000000011, 14.24000000000001, 14.304000000000011, 14.304000000000011, 14.20800000000001, 14.20800000000001, 14.20800000000001, 14.20800000000001, 14.20800000000001, 14.20800000000001, 14.20800000000001, 14.20800000000001, 14.20800000000001, 14.20800000000001, 14.20800000000001, 14.20800000000001, 14.20800000000001, 14.20800000000001, 14.20800000000001, 14.24000000000001, 14.11200000000001, 14.20800000000001, 14.20800000000001, 13.76000000000001, 14.20800000000001, 15.328000000000012, 14.20800000000001, 14.20800000000001, 15.968000000000012, 14.20800000000001, 14.20800000000001, 14.20800000000001, 14.20800000000001, 14.20800000000001, 14.20800000000001, 14.20800000000001, 14.20800000000001, 14.20800000000001, 14.20800000000001, 14.20800000000001, 14.20800000000001, 14.20800000000001, 14.400000000000011, 14.304000000000011, 14.20800000000001, 27.199999999998777, 14.20800000000001, 14.20800000000001, 14.20800000000001, 14.20800000000001, 14.20800000000001, 14.20800000000001, 14.20800000000001, 15.296000000000012, 14.20800000000001, 14.20800000000001, 14.20800000000001, 14.20800000000001, 14.20800000000001, 14.24000000000001, 14.20800000000001, 14.20800000000001, 14.20800000000001, 14.20800000000001, 14.20800000000001, 14.20800000000001, 14.960000000000012, 14.848000000000011, 14.20800000000001, 14.20800000000001, 14.20800000000001, 14.416000000000011, 14.20800000000001, 14.20800000000001, 14.22400000000001, 14.24000000000001, 14.464000000000011, 14.20800000000001, 14.20800000000001, 14.400000000000011, 14.20800000000001, 14.22400000000001, 14.416000000000011, 14.24000000000001, 14.20800000000001, 14.20800000000001, 14.20800000000001, 14.20800000000001, 14.304000000000011, 14.25600000000001, 14.24000000000001, 14.20800000000001, 14.20800000000001]
Total collisions: 4

100 runs, 96 confidence interval:

Runtimes: [14.22400000000001, 14.20800000000001, 14.22400000000001, 16.064000000000004, 14.22400000000001, 14.20800000000001, 14.352000000000011, 14.20800000000001, 14.20800000000001, 14.20800000000001, 14.20800000000001, 14.20800000000001, 14.20800000000001, 14.20800000000001, 14.20800000000001, 14.20800000000001, 14.20800000000001, 14.20800000000001, 14.288000000000011, 14.20800000000001, 13.48800000000001, 15.808000000000012, 15.104000000000012, 14.20800000000001, 14.20800000000001, 14.20800000000001, 14.448000000000011, 14.20800000000001, 14.20800000000001, 14.20800000000001, 14.20800000000001, 14.20800000000001, 14.20800000000001, 14.20800000000001, 14.20800000000001, 14.20800000000001, 14.20800000000001, 14.20800000000001, 14.20800000000001, 14.20800000000001, 14.20800000000001, 14.22400000000001, 14.20800000000001, 14.20800000000001, 14.20800000000001, 14.20800000000001, 14.464000000000011, 14.20800000000001, 12.89600000000001, 14.20800000000001, 13.39200000000001, 13.52000000000001, 14.20800000000001, 14.20800000000001, 14.20800000000001, 14.20800000000001, 14.20800000000001, 14.20800000000001, 14.352000000000011, 14.320000000000011, 14.20800000000001, 14.20800000000001, 14.20800000000001, 14.24000000000001, 20.527999999999512, 14.20800000000001, 14.20800000000001, 14.20800000000001, 14.20800000000001, 14.20800000000001, 14.20800000000001, 14.20800000000001, 14.20800000000001, 14.20800000000001, 14.20800000000001, 14.20800000000001, 15.536000000000012, 14.20800000000001, 14.20800000000001, 14.20800000000001, 14.20800000000001, 14.20800000000001, 14.20800000000001, 14.20800000000001, 14.20800000000001, 14.20800000000001, 14.20800000000001, 14.20800000000001, 14.20800000000001, 14.20800000000001, 14.20800000000001, 14.20800000000001, 14.20800000000001, 14.20800000000001, 14.20800000000001, 14.20800000000001, 14.20800000000001, 14.22400000000001, 14.20800000000001, 14.480000000000011]
Total collisions: 7

100 runs, 94 confidence interval:

Runtimes: [14.22400000000001, 14.20800000000001, 14.20800000000001, 14.20800000000001, 14.336000000000011, 14.22400000000001, 14.20800000000001, 14.304000000000011, 14.24000000000001, 14.22400000000001, 14.20800000000001, 14.22400000000001, 27.407999999998754, 14.20800000000001, 14.20800000000001, 14.368000000000011, 14.24000000000001, 15.200000000000012, 14.448000000000011, 14.656000000000011, 14.20800000000001, 14.20800000000001, 14.20800000000001, 14.20800000000001, 14.20800000000001, 14.20800000000001, 14.20800000000001, 14.20800000000001, 14.20800000000001, 14.20800000000001, 14.20800000000001, 14.20800000000001, 14.20800000000001, 14.20800000000001, 14.960000000000012, 14.736000000000011, 14.912000000000011, 14.272000000000011, 14.20800000000001, 14.22400000000001, 14.20800000000001, 14.20800000000001, 14.20800000000001, 14.20800000000001, 14.20800000000001, 14.20800000000001, 14.20800000000001, 14.20800000000001, 14.20800000000001, 14.20800000000001, 14.20800000000001, 14.20800000000001, 14.20800000000001, 14.20800000000001, 14.20800000000001, 14.20800000000001, 14.20800000000001, 14.20800000000001, 14.20800000000001, 14.20800000000001, 14.22400000000001, 14.20800000000001, 14.22400000000001, 14.20800000000001, 14.20800000000001, 14.20800000000001, 14.20800000000001, 14.20800000000001, 14.20800000000001, 14.20800000000001, 14.20800000000001, 14.848000000000011, 14.320000000000011, 14.416000000000011, 14.22400000000001, 14.272000000000011, 14.20800000000001, 14.560000000000011, 14.20800000000001, 14.20800000000001, 14.20800000000001, 14.20800000000001, 14.20800000000001, 14.20800000000001, 14.20800000000001, 14.20800000000001, 14.20800000000001, 14.20800000000001, 14.20800000000001, 14.24000000000001, 14.20800000000001, 14.20800000000001, 14.20800000000001, 14.20800000000001, 15.232000000000012, 15.056000000000012, 14.304000000000011, 14.20800000000001, 14.25600000000001, 14.20800000000001]
Total collisions: 4

92:

Runtimes: [13.18400000000001, 14.24000000000001, 27.199999999998777, 14.20800000000001, 14.22400000000001, 14.22400000000001, 14.768000000000011, 14.22400000000001, 15.488000000000012, 14.20800000000001, 14.20800000000001, 14.20800000000001, 14.20800000000001, 14.20800000000001, 14.20800000000001, 14.20800000000001, 14.20800000000001, 14.24000000000001, 14.20800000000001, 14.20800000000001, 14.20800000000001, 14.20800000000001, 14.20800000000001, 14.20800000000001, 14.20800000000001, 14.608000000000011, 14.20800000000001, 14.24000000000001, 14.20800000000001, 14.480000000000011, 14.704000000000011, 14.25600000000001, 27.34399999999876, 14.20800000000001, 15.184000000000012, 15.488000000000012, 14.368000000000011, 14.288000000000011, 14.20800000000001, 14.24000000000001, 14.640000000000011, 14.20800000000001, 14.22400000000001, 14.20800000000001, 15.056000000000012, 15.408000000000012, 15.232000000000012, 14.25600000000001, 14.20800000000001, 14.20800000000001, 14.20800000000001, 14.20800000000001, 14.20800000000001, 14.20800000000001, 14.20800000000001, 14.20800000000001, 14.20800000000001, 14.20800000000001, 14.496000000000011, 14.20800000000001, 27.43999999999875, 14.24000000000001, 14.20800000000001, 14.20800000000001, 14.20800000000001, 14.20800000000001, 14.20800000000001, 14.20800000000001, 14.20800000000001, 14.20800000000001, 14.20800000000001, 14.20800000000001, 14.24000000000001, 15.408000000000012, 14.25600000000001, 14.20800000000001, 14.22400000000001, 14.20800000000001, 14.20800000000001, 14.20800000000001, 14.20800000000001, 14.20800000000001, 14.20800000000001, 14.20800000000001, 14.20800000000001, 14.20800000000001, 14.20800000000001, 14.20800000000001, 14.20800000000001, 14.20800000000001, 14.20800000000001, 14.20800000000001, 14.20800000000001, 14.20800000000001, 14.20800000000001, 14.20800000000001, 14.20800000000001, 14.20800000000001, 14.20800000000001, 14.20800000000001]
Total collisions: 4

